This is for the rows [ 40.025  43.8    41.9    43.25   40.95   44.25   41.275  41.45   41.9
  42.8    39.675  41.6    41.4    43.9    40.575  43.15   39.95   40.75
  43.75   41.1    40.95   43.625  39.15   41.7    41.2    42.75   39.65
  40.6    42.1    42.05   41.4    49.2    92.25  258.975 493.55  736.15
 885.    883.2   883.45  884.5   883.85  882.    880.675 884.575 890.225
 882.5   882.6   883.225 884.225 886.05  890.925]
This is for the columns [  43.5     43.55    43.65    43.75    44.05    44.05    44.1     44.25
   44.375   44.45    44.45    44.35    44.45    44.25    44.5     44.4
   44.425   44.6     44.55    44.15    44.15    43.6     43.35    43.4
   42.7     42.55    42.2     41.6     41.05    40.9     41.25    41.05
   41.375   45.5     72.225  218.15   493.8    775.375  972.125 1008.5
 1004.275 1005.9   1001.05   998.9   1001.875 1003.7    998.7   1004.975
  999.4    999.35  1002.075]


Upper left edge goes 35 pixels to the right

Upper left edge goes 38 pixels down 