This is for the rows [ 43.55   43.55   44.1    42.65   41.4    43.45   43.6    41.9    41.55
  42.8    46.     43.95   42.1    42.75   42.3    41.25   42.275  43.45
  45.25   40.8    45.1    43.65   42.75   42.35   43.     42.15   43.25
  42.975  42.1    46.25   53.75  119.675 307.    541.75  716.1   741.7
 737.775 740.1   744.025 745.75  740.2   746.825 743.85  740.7   744.775
 747.15  750.775 746.675 748.225 747.95  749.375]
This is for the columns [ 45.05   45.2    45.45   45.45   45.45   45.35   45.4    45.75   45.65
  45.7    45.95   45.875  46.25   46.05   45.85   45.9    45.9    45.6
  45.3    45.5    45.15   45.     44.7    44.6    44.15   43.65   43.45
  42.55   42.4    42.525  42.6    42.575  42.7    44.     67.    200.775
 454.125 694.95  832.3   840.975 832.475 830.275 829.075 834.    833.05
 832.    834.175 838.25  829.3   832.575 834.7  ]


Upper right frame goes 34 columns in (pixel 4062) 


Upper right frame goes 37 columns down (pixel 1563)
