This is for the left side: [ 61.  183.  464.5 729.  909.5 910.5 883.5 854.  839.  827.5 822.5 837.5
 845.5 849.  837.  852.5 845.  850.5 841.  829.  829.5 848.  834.  833.5
 830.5 830.5 826.  828.5 825.  864.  878.5 936.5 866.  635.  348.  108.5
  64. ]
This is for the right side: [ 59.  131.  390.5 662.  813.  816.5 798.5 784.  765.  748.  726.  729.
 712.5 713.5 729.  716.  718.5 722.5 712.  712.5 714.  729.5 725.  719.5
 718.5 722.5 721.  733.  737.  763.5 796.5 815.5 804.5 610.5 338.5  93.5
  56. ]
This is for the center: [  72.   219.   653.  1062.  1342.5 1303.5 1260.  1245.5 1234.5 1254.
 1259.  1248.5 1241.  1225.5 1238.5 1254.  1223.  1236.  1242.  1248.5
 1246.5 1246.  1237.  1256.  1244.5 1241.  1235.  1214.5 1235.5 1248.
 1292.5 1337.  1343.   975.   509.5  131.    84. ]
