This is for the left side: [ 111.   456.  1170.  1861.  2307.5 2316.5 2314.5 2296.  2293.5 2247.
 2266.  2263.5 2270.5 2272.  2268.  2279.5 2267.5 2292.  2290.  2279.5
 2272.5 2286.  2265.5 2262.  2247.5 2251.5 2260.  2276.5 2280.5 2263.5
 2305.5 2366.  2186.  1575.   870.5  253.   125. ]
This is for the right side: [  94.   309.   992.  1684.  2141.  2107.  2121.  2095.  2088.5 2068.
 2090.  2060.5 2093.  2092.5 2070.5 2083.  2073.5 2075.5 2043.5 2060.
 2066.5 2127.  2074.  2079.  2072.  2092.5 2114.5 2087.  2113.5 2089.
 2128.5 2099.  2002.5 1475.   768.   212.   118. ]
This is for the center: [ 134.   505.  1555.  2566.5 3057.5 2999.  2995.5 2989.5 2994.  2976.
 2994.  3037.5 3048.5 2987.  2971.  2963.  2991.5 2980.5 2958.  2920.
 2949.  2893.  2854.  2850.5 2853.5 2900.  2877.5 2898.  2918.5 2964.5
 3055.5 3061.  2913.5 2104.5 1039.   294.   162. ]
