This is for the left side: [  97.5  366.5  883.5 1415.5 1768.  1798.5 1800.5 1795.  1791.5 1784.
 1794.5 1785.  1783.  1776.  1780.  1793.  1808.5 1782.  1807.  1802.
 1812.5 1787.5 1812.  1799.  1796.  1806.  1803.  1818.  1809.5 1826.5
 1823.5 1850.  1649.  1179.   605.   209.   101. ]
This is for the right side: [  76.   281.5  783.  1287.5 1605.5 1608.5 1597.5 1600.5 1595.5 1597.
 1611.  1623.5 1604.5 1608.  1610.  1605.5 1598.5 1594.  1610.5 1619.5
 1600.  1623.5 1626.  1618.5 1602.  1597.  1621.5 1613.5 1601.  1626.5
 1640.5 1649.5 1528.5 1075.   541.   170.    84. ]
This is for the center: [  95.   391.5 1070.  1730.  2110.  2104.  2109.5 2097.5 2060.  2071.
 2089.  2071.  2064.  2071.  2075.  2062.  2068.  2067.  2076.5 2068.
 2086.  2094.  2082.  2056.  2075.  2070.  2083.  2093.  2102.  2103.
 2114.5 2164.5 1953.5 1346.5  625.   191.    98. ]
