This is for the rows [ 35.275  35.275  36.     35.1    33.9    38.3    35.85   33.9    35.75
  36.     34.8    34.4    35.2    34.5    34.1    34.025  35.925  36.
  36.65   34.95   35.2    34.9    36.25   34.525  35.9    36.475  35.5
  39.125  41.45   53.45   97.2   249.65  451.45  633.9   689.15  684.9
 692.925 695.825 702.75  694.8   698.75  699.8   707.4   700.    703.
 708.175 704.4   710.45  712.575 710.1   710.25 ]
This is for the columns [ 36.35   36.55   36.5    36.55   36.4    36.525  36.4    36.4    36.45
  36.55   36.4    36.625  36.45   36.425  36.25   36.325  36.2    36.
  36.1    36.35   36.35   36.75   37.05   37.3    38.     38.75   40.95
  50.275 105.4   295.575 491.6   635.5   666.225 666.4   664.15  667.35
 673.825 674.5   683.7   686.35  686.55  689.65  693.725 694.05  698.5
 699.125 703.475 709.45  705.15  708.95  712.8  ]


The Lower Right edge starts at pixel 4063, with FWHM (451.45)

The Lower Right edge goes up to pixel 31, with FWHM (491.6)