 This is for the rows [ 35.7    33.85   33.3    34.85   32.15   34.075  34.55   33.625  35.525
  35.55   33.075  34.2    33.775  35.2    33.4    35.15   32.65   34.65
  31.85   33.875  35.4    32.55   35.275  32.975  35.875  34.35   31.25
  33.4    35.55   37.4    41.8    59.2   145.9   353.75  589.45  793.4
 860.5   853.5   855.8   852.25  860.325 854.1   856.275 864.55  864.4
 857.025 862.15  864.1   866.575 861.95  868.875]
This is for the columns [ 35.15   35.3    34.95   34.95   34.925  35.075  35.1    34.8    34.675
  34.7    34.9    34.75   34.75   34.8    34.7    34.9    34.775  34.725
  35.05   34.85   35.05   35.65   35.7    36.65   37.45   39.2    44.8
  74.    225.875 473.9   689.325 794.4   802.075 804.75  808.65  811.4
 814.425 817.    817.55  823.5   831.275 839.75  837.05  841.325 845.95
 845.4   849.7   857.95  857.05  861.75  863.625]


Outer left edge goes right to 35 pixels wide (FWHM at 589.45 in pixel 35)
Outer left edge goes up to to 30 pixels wide (FWHM at 473.9 in pixel 30)


