This is for the rows [ 35.3    35.3    36.425  35.2    35.225  36.85   36.3    35.7    34.65
  35.75   38.15   35.3    34.95   36.05   35.1    35.35   34.7    36.4
  38.55   33.7    38.05   35.45   36.     34.625  36.2    35.     34.85
  36.2    33.7    37.95   44.95   74.65  211.8   447.55  649.125 695.6
 698.1   709.85  708.35  705.55  705.25  707.35  705.475 708.85  719.825
 713.375 711.875 719.05  719.1   722.85  716.5  ]
This is for the columns [ 36.65   36.65   36.425  36.4    36.475  36.4    36.35   36.2    36.25
  36.25   36.05   36.1    35.9    36.1    35.8    35.75   35.8    35.525
  35.5    35.55   35.675  35.9    35.75   35.675  35.65   35.5    35.65
  35.8    35.5    35.95   35.6    35.75   35.85   35.8    41.85   89.85
 274.85  511.725 682.25  715.95  716.15  715.4   711.55  714.45  717.25
 714.35  714.35  718.2   714.525 720.6   717.25 ]


The upper right edge goes 34 (pixel 4062 with 447.55)
The upper right edge goes down 38 (pixel 2010 with 511.725)