This is for the left side: [  93.   298.   702.5 1119.  1400.5 1455.  1440.  1415.  1417.5 1427.5
 1420.  1405.  1427.5 1442.  1421.  1437.5 1415.  1408.5 1413.  1438.
 1416.  1417.5 1426.  1421.  1437.  1414.5 1442.5 1434.5 1444.  1455.
 1460.5 1488.5 1301.   935.   512.   208.   112.5]
This is for the right side: [  72.   234.   607.  1022.  1253.5 1252.  1252.  1242.5 1270.  1276.
 1262.  1268.  1283.5 1242.  1286.  1259.  1282.5 1281.  1269.5 1282.
 1271.  1259.  1269.5 1281.  1283.5 1280.5 1268.5 1280.5 1254.5 1305.
 1291.  1321.  1184.   836.5  417.   161.5   99. ]
This is for the center: [  86.   260.   683.  1098.  1328.5 1319.  1321.  1306.  1308.  1303.
 1299.  1289.5 1313.5 1310.5 1313.  1305.  1308.  1300.5 1286.5 1307.
 1313.  1298.5 1289.5 1295.  1276.5 1302.  1296.  1307.5 1337.  1311.
 1318.  1359.  1242.   845.   413.   154.   100. ]
