This is for the left side: [  85.5  353.   906.  1499.5 1882.  1930.5 1912.  1929.  1909.  1911.5
 1901.5 1923.  1899.  1929.  1912.5 1937.  1960.5 1929.  1925.5 1937.
 1935.5 1927.  1904.  1946.5 1927.5 1929.  1927.  1940.5 1931.5 1940.
 1966.5 2031.5 1818.  1297.5  712.   243.   127.5]
This is for the right side: [  68.5  240.   746.  1279.  1627.  1649.  1638.5 1635.  1630.  1619.
 1640.  1627.5 1653.5 1617.  1641.5 1631.5 1647.5 1635.5 1634.5 1651.
 1625.  1657.5 1642.  1635.  1602.  1643.  1637.  1661.  1621.  1665.5
 1692.5 1717.5 1611.  1177.   626.   211.   130. ]
This is for the center: [  90.   364.  1123.  1873.  2349.  2335.5 2291.  2308.5 2299.5 2290.5
 2305.5 2308.5 2299.  2323.5 2283.5 2305.  2293.  2297.5 2288.  2290.5
 2294.5 2301.5 2299.  2309.  2296.  2297.5 2316.  2318.5 2291.  2283.
 2313.5 2309.5 2097.  1491.5  768.   282.5  205. ]
